20
918495108443110920 9999991 1 9999991 9999989 849999236 589999466 309999660 169999814
499587295797208700 3469541 1730417 5070929 1825598 855537260 882995491 898204830 34203727
930033404565174954 102400 15000 9699690 9748872 620781129 950572528 311963986 692169969
33104500 9999909 9999991 9999949 10000000 329998318 499997447 650000001 490000002
972766173386786486 123 1 10000000 10000000 590000001 680000000 610000001 970000002
3 1 3 3 3 1 0 1 1
34468440 999999 12347 9699690 9748872 378288879 843875938 672672191 643425609
763526783810179646 741864 167766 7315499 3851100 922855524 89780690 441276473 271986168
758494663875 1 1 1 1 34857 92345 929 16730375
962024073147815594 9999991 1 9999991 9999989 129999884 899999187 979998923 129999859
940978906345340844 759324 967048 10000000 9999999 810000001 650000000 59999995 259999974
81922551 759324 967048 10000000 9999999 930000001 980000000 29999998 279999972
6042199 9 123456 18 10000000 39655126 836306508 640000324 90000765
47024811 9999991 1 9999991 9999989 729999344 309999719 789999132 309999659
1581945094 9999991 1 9999991 9999989 159999857 489999556 549999396 719999209
859373750084 8 7 17 19 1 16 6 2
70413132 123 1 10000000 10000000 20000001 190000000 90000001 360000002
5 1 4 5 7 1 0 1 2
905104693315080537 9999909 9999991 9999949 10000000 649996686 729996274 470000001 920000002
299896237124947938 681206 164538 2280874 981991 416793690 904023823 813682336 774801135
